tempo 50000


note 0    8  1 79 100
note 8   16  1 86 100
note 16  28  1 82 100
note 28  32  1 81 80

note 32  36  1 79 100
note 36  40  1 82 100
note 40  44  1 81 100
note 44  48  1 79 90
note 48  52  1 78 100
note 52  56  1 81 100
note 56  64  1 74 100


note 64  68  1 79 100
note 68  72  1 74 85
note 72  76  1 81 100
note 76  80  1 74 90
note 80  84  1 82 100
note 84  86  1 81 90
note 86  88  1 79 85
note 88  92  1 81 100
note 92  96  1 74 80

note 96  100 1 79 100
note 100 102 1 74 100
note 102 104 1 79 100
note 104 108 1 81 100
note 108 110 1 74 100
note 110 112 1 81 100
note 112 116 1 82 100
note 116 118 1 81 100
note 118 120 1 79 100
note 120 122 1 81 100
note 122 124 1 74 100
note 124 126 1 86 100
note 126 128 1 84 100

note 128 130 1 82 100
note 130 132 1 81 100
note 132 134 1 79 100
note 134 136 1 82 100
note 136 138 1 81 100
note 138 140 1 79 100
note 140 142 1 78 100
note 142 144 1 81 100
note 144 146 1 79 100
note 146 148 1 74 100
note 148 150 1 79 100
note 150 152 1 81 100
note 152 154 1 82 100
note 154 156 1 84 100
note 156 158 1 86 100
note 158 160 1 88 100

note 160 162 1 89 100
note 162 164 1 88 100
note 164 166 1 86 100
note 166 168 1 89 100
note 168 170 1 88 100
note 170 172 1 86 100
note 172 174 1 85 100
note 174 176 1 88 100
note 176 180 1 86 100
note 180 184 1 81 100
note 184 188 1 86 100
note 188 192 1 88 100

note 192 194 1 89 100
note 194 196 1 91 100
note 196 198 1 89 100
note 198 200 1 91 100

note 200 201 1 93 100
note 201 206 1 91 100
note 202 203 1 93 80
note 203 204 1 93 80
note 204 205 1 93 80

note 206 207 1 89 100
note 207 208 1 91 100
note 208 210 1 93 100
note 210 212 1 91 100
note 212 214 1 93 100
note 214 216 1 94 100
note 216 218 1 93 100
note 218 220 1 91 100
note 220 222 1 89 100
note 222 224 1 88 100

note 224 226 1 89 100
note 226 228 1 93 100
note 228 230 1 91 100
note 230 232 1 93 100

note 232 234 1 85 100
note 234 236 1 93 100
note 236 238 1 91 100
note 238 240 1 93 100

note 240 242 1 86 100
note 242 244 1 93 100
note 244 246 1 91 100
note 246 248 1 93 100

note 248 250 1 85 100
note 250 252 1 93 100
note 252 254 1 91 100
note 254 256 1 93 100

note 256 258 1 89 100
note 258 260 1 86 100
note 260 262 1 85 100
note 262 264 1 86 100

note 264 266 1 91 100
note 266 268 1 86 100
note 268 270 1 85 100
note 270 272 1 86 100

note 272 274 1 93 100
note 274 276 1 86 100
note 276 278 1 85 100
note 278 280 1 86 100

note 280 282 1 91 100
note 282 284 1 86 100
note 284 286 1 85 100
note 286 288 1 86 100

note 288 292 1 81 100
note 292 296 1 89 100
note 296 300 1 79 100
note 300 304 1 87 100

note 304 308 1 77 100
note 308 312 1 81 100
note 312 316 1 86 100
note 316 320 1 89 100

note 320 324 1 87 100
note 324 328 1 93 100
note 328 332 1 87 100
note 332 336 1 86 100
note 336 340 1 91 100
note 344 348 1 86 100

note 160 168 1 74 100
note 168 176 1 81 100
note 176 188 1 77 100
note 188 192 1 76 100
note 192 196 1 74 100

note 196 200 1 77 100
note 200 204 1 76 100
note 204 208 1 74 100
note 208 212 1 73 100
note 212 216 1 76 100
note 216 224 1 69 100

note 224 228 1 74 100
note 228 232 1 69 100
note 232 236 1 76 100
note 236 240 1 69 100
note 240 244 1 77 100
note 244 246 1 76 100
note 246 248 1 74 100
note 248 252 1 76 100
note 252 256 1 69 100

note 256 260 1 74 100
note 260 262 1 69 100
note 262 264 1 74 100
note 264 268 1 76 100
note 268 270 1 69 100
note 270 272 1 76 100
note 272 276 1 77 100
note 276 278 1 76 100
note 278 280 1 74 100
note 280 282 1 76 100
note 282 284 1 69 100
note 284 286 1 81 100
note 286 288 1 79 100

note 288 290 1 77 100
note 290 292 1 76 100
note 292 294 1 74 100
note 294 296 1 77 100
note 296 298 1 76 100
note 298 300 1 74 100
note 300 302 1 73 100
note 302 304 1 76 100
note 304 306 1 74 100
note 306 308 1 69 100
note 308 310 1 74 100
note 310 312 1 76 100
note 312 314 1 77 100
note 314 316 1 79 100
note 316 318 1 81 100
note 318 320 1 83 100

note 320 322 1 72 100
note 322 324 1 70 100
note 324 326 1 72 100
note 326 328 1 74 100
note 328 330 1 72 100
note 330 332 1 70 100
note 332 334 1 69 100
note 334 336 1 70 100
note 336 338 1 72 100
note 338 340 1 70 100
note 340 342 1 69 100
note 342 344 1 67 100
note 344 346 1 70 100


note 348 356 1 77 100
note 348 356 1 81 100
note 348 356 1 86 100


note 356 364 1 77 100
note 356 364 1 81 100
note 356 364 1 74 100


note 364 372 1 77 100
note 364 372 1 81 100
note 364 372 1 75 100


note 372 380 1 70 100
note 372 380 1 74 100
note 372 380 1 67 100


note 380 440 1 7 100
note 380 440 10 7 100
note 388 440 1 19 100
note 388 440 10 19 100
note 396 440 1 31 100
note 396 440 10 31 100



